{
 "cells": [
  {
   "cell_type": "code",
   "execution_count": 1,
   "metadata": {},
   "outputs": [
    {
     "name": "stdout",
     "output_type": "stream",
     "text": [
      "[0 0 0 0 0 0 0 0 0 0 0 0 0 0 0 0 0 0 0 0 0 0 0 0 0 1 1 1 1 1 1 1 1 1 1 1 1\n",
      " 1 1 1 1 2 1 1 1 1 1 1 1 1 2 2 2 2 2 2 2 2 2 2 2 2 2 2 2 2 2 2 2 2 2 2 2 2\n",
      " 2]\n",
      "[[0.8361588  0.13509768 0.02874352]\n",
      " [0.83163263 0.13470196 0.03366541]\n",
      " [0.91646717 0.06758392 0.01594891]\n",
      " [0.881653   0.09697714 0.02136985]\n",
      " [0.83428434 0.13707311 0.02864255]\n",
      " [0.86460928 0.10869328 0.02669744]\n",
      " [0.88148247 0.0957679  0.02274963]\n",
      " [0.96537693 0.02854669 0.00607638]\n",
      " [0.90755527 0.07573083 0.0167139 ]\n",
      " [0.92604739 0.05987057 0.01408204]\n",
      " [0.9168352  0.06673649 0.01642831]\n",
      " [0.83300422 0.13225727 0.03473851]\n",
      " [0.79506157 0.1685465  0.03639193]\n",
      " [0.89554581 0.08663518 0.01781901]\n",
      " [0.83080669 0.13538664 0.03380668]\n",
      " [0.88453021 0.09540435 0.02006544]\n",
      " [0.96065532 0.03290638 0.0064383 ]\n",
      " [0.89752537 0.08547529 0.01699934]\n",
      " [0.83428434 0.13707311 0.02864255]\n",
      " [0.88230825 0.09713586 0.0205559 ]\n",
      " [0.70239068 0.24032702 0.0572823 ]\n",
      " [0.88025924 0.09291707 0.02682369]\n",
      " [0.8354125  0.13330284 0.03128466]\n",
      " [0.86598222 0.1075536  0.02646418]\n",
      " [0.8829205  0.09661564 0.02046386]\n",
      " [0.08011598 0.54110816 0.37877587]\n",
      " [0.05727156 0.53528782 0.40744062]\n",
      " [0.05060662 0.50282079 0.44657258]\n",
      " [0.13460281 0.54958125 0.31581593]\n",
      " [0.08530293 0.47823935 0.43645772]\n",
      " [0.08849976 0.5088443  0.40265594]\n",
      " [0.04576144 0.5144659  0.43977266]\n",
      " [0.08564858 0.60293803 0.3114134 ]\n",
      " [0.07687196 0.60371847 0.31940958]\n",
      " [0.07787982 0.58670892 0.33541126]\n",
      " [0.09650507 0.58757826 0.31591667]\n",
      " [0.04402426 0.5506247  0.40535104]\n",
      " [0.07543338 0.59998383 0.3245828 ]\n",
      " [0.03649873 0.50442985 0.45907142]\n",
      " [0.14161765 0.60606367 0.25231868]\n",
      " [0.08935142 0.60640769 0.30424089]\n",
      " [0.0244862  0.41170293 0.56381087]\n",
      " [0.09266533 0.46127824 0.44605643]\n",
      " [0.04146363 0.59487829 0.36365808]\n",
      " [0.06700075 0.53266826 0.40033099]\n",
      " [0.05534767 0.5248779  0.41977443]\n",
      " [0.12296164 0.5700326  0.30700576]\n",
      " [0.08982186 0.53561054 0.3745676 ]\n",
      " [0.07407673 0.58206368 0.34385959]\n",
      " [0.08040393 0.53924099 0.38035508]\n",
      " [0.02144564 0.33245526 0.6460991 ]\n",
      " [0.01626163 0.3512967  0.63244168]\n",
      " [0.00678629 0.33550806 0.65770565]\n",
      " [0.00914975 0.38901564 0.60183461]\n",
      " [0.01473561 0.29088411 0.69438027]\n",
      " [0.01950003 0.38424699 0.59625298]\n",
      " [0.01980914 0.3143302  0.66586066]\n",
      " [0.02452785 0.32004132 0.65543083]\n",
      " [0.01070148 0.32863025 0.66066827]\n",
      " [0.0196276  0.43881726 0.54155514]\n",
      " [0.02667024 0.31666962 0.65666013]\n",
      " [0.03031138 0.44246863 0.52722   ]\n",
      " [0.01550372 0.42129638 0.5631999 ]\n",
      " [0.03617794 0.41727039 0.54655167]\n",
      " [0.01747925 0.48483903 0.49768172]\n",
      " [0.01656111 0.43213922 0.55129966]\n",
      " [0.02829133 0.47230383 0.49940484]\n",
      " [0.01146993 0.38097105 0.60755902]\n",
      " [0.02143545 0.37981606 0.59874848]\n",
      " [0.02416415 0.40590259 0.56993326]\n",
      " [0.03212042 0.40444453 0.56343505]\n",
      " [0.01354363 0.29511327 0.69134309]\n",
      " [0.02556219 0.36708551 0.6073523 ]\n",
      " [0.02668727 0.39582986 0.57748288]\n",
      " [0.02803938 0.36524839 0.60671223]]\n",
      "0.9866666666666667\n",
      "             precision    recall  f1-score   support\n",
      "\n",
      "          0       1.00      1.00      1.00        25\n",
      "          1       1.00      0.96      0.98        25\n",
      "          2       0.96      1.00      0.98        25\n",
      "\n",
      "avg / total       0.99      0.99      0.99        75\n",
      "\n",
      "[[25  0  0]\n",
      " [ 0 24  1]\n",
      " [ 0  0 25]]\n"
     ]
    },
    {
     "name": "stderr",
     "output_type": "stream",
     "text": [
      "C:\\Users\\SHAILESH SHAH\\Anaconda3\\lib\\site-packages\\sklearn\\neural_network\\multilayer_perceptron.py:564: ConvergenceWarning: Stochastic Optimizer: Maximum iterations (200) reached and the optimization hasn't converged yet.\n",
      "  % self.max_iter, ConvergenceWarning)\n"
     ]
    }
   ],
   "source": [
    "import numpy\n",
    "from sklearn import datasets, metrics\n",
    "from sklearn.neural_network import MLPClassifier\n",
    "\n",
    "iris=datasets.load_iris(); #sklearn.datasets.base.Bunch\n",
    "\n",
    "trainingset=iris.data[list(range(0,150,2)),:]   #iris.data is numpy array \n",
    "trainingsettarget=iris.target[list(range(0,150,2))]\n",
    "\n",
    "#print(trainingset)\n",
    "#print(trainingsettarget)\n",
    "\n",
    "testset=iris.data[list(range(1,150,2)),:]\n",
    "testsettarget=iris.target[list(range(1,150,2))]\n",
    "\n",
    "clf = MLPClassifier(solver='sgd', hidden_layer_sizes=(65), random_state=1, max_iter=200)#creating instance of the classifier\n",
    "\n",
    "# activation : {'identity', 'logistic', 'tanh', 'relu'}, default 'relu'\n",
    "clf.fit(trainingset, trainingsettarget);\n",
    "#print(clf.get_params())\n",
    "prediction = clf.predict(testset) #predict using the learnt classifier\n",
    "\n",
    "print(prediction)\n",
    "print(clf.predict_proba(testset));\n",
    "print(metrics.accuracy_score(testsettarget, prediction, normalize=True))\n",
    "print(metrics.classification_report(testsettarget, prediction))\n",
    "print(metrics.confusion_matrix(testsettarget, prediction))\n"
   ]
  },
  {
   "cell_type": "code",
   "execution_count": null,
   "metadata": {},
   "outputs": [],
   "source": []
  }
 ],
 "metadata": {
  "kernelspec": {
   "display_name": "Python 3",
   "language": "python",
   "name": "python3"
  },
  "language_info": {
   "codemirror_mode": {
    "name": "ipython",
    "version": 3
   },
   "file_extension": ".py",
   "mimetype": "text/x-python",
   "name": "python",
   "nbconvert_exporter": "python",
   "pygments_lexer": "ipython3",
   "version": "3.7.4"
  }
 },
 "nbformat": 4,
 "nbformat_minor": 2
}
